0 100
0.07 10200
0.14 20300
0.2 30400
0.27 40500
0.31 50600
0.38 60700
0.48 70800
0.46 80900
0.58 91000
0.68 101100
0.75 111200
0.78 121300
0.89 131400
0.92 141500
0.96 151600
0.97 161700
1.18 171800
1.14 181900
1.29 192000
1.37 202100
1.47 212200
1.49 222300
1.36 232400
1.75 242500
1.59 252600
1.73 262700
1.79 272800
1.87 282900
2.02 293000
2.11 303100
2.05 313200
2.16 323300
2.2 333400
2.22 343500
2.02 353600
2.47 363700
2.52 373800
2.45 383900
2.65 394000
2.82 404100
2.95 414200
2.69 424300
2.78 434400
2.98 444500
3.01 454600
3.22 464700
3.26 474800
3.41 484900
3.55 495000
3.16 505100
3.6 515200
3.61 525300
3.64 535400
3.73 545500
3.62 555600
3.93 565700
4.04 575800
3.74 585900
3.81 596000
4.22 606100
4.1 616200
4.29 626300
4.21 636400
4.57 646500
4.44 656600
4.15 666700
4.61 676800
4.73 686900
4.46 697000
5.03 707100
4.9 717200
5.04 727300
4.95 737400
5.04 747500
5.13 757600
5.45 767700
5.24 777800
5.43 787900
5.56 798000
5.29 808100
5.51 818200
5.63 828300
5.85 838400
6.08 848500
6 858600
5.77 868700
6.33 878800
6.61 888900
6.4 899000
6.46 909100
6.25 919200
6.82 929300
6.43 939400
6.44 949500
6.65 959600
7 969700
6.7 979800
6.94 989900
