40690.1 100
3.64515e+07 3430
1.4467e+08 6760
3.22508e+08 10090
5.78167e+08 13420
9.87009e+08 16750
1.45181e+09 20080
1.86599e+09 23410
2.24463e+09 26740
3.20817e+09 30070
3.87654e+09 33400
4.83718e+09 36730
4.95119e+09 40060
5.51454e+09 43390
6.6662e+09 46720
7.24067e+09 50050
8.27171e+09 53380
1.02865e+10 56710
1.00288e+10 60040
1.31684e+10 63370
1.15018e+10 66700
9.02376e+09 70030
1.56595e+10 73360
1.17483e+10 76690
1.11045e+10 80020
1.41487e+10 83350
1.84573e+10 86680
1.80893e+10 90010
1.55541e+10 93340
2.07182e+10 96670
1.935e+10 100000
