0.0001656 100
0.0002717 20098
0.0002548 40096
0.0002562 60094
0.0002671 80092
0.0002831 100090
0.0002802 120088
0.0002891 140086
0.0002688 160084
0.0003007 180082
0.0002871 200080
0.0002921 220078
0.00028 240076
0.0003221 260074
0.0003252 280072
0.0003054 300070
0.0002986 320068
0.0003082 340066
0.0003039 360064
0.00029 380062
0.0003048 400060
0.0003052 420058
0.0003098 440056
0.0003116 460054
0.000294 480052
0.0003251 500050
0.0003196 520048
0.0003093 540046
0.000307 560044
0.0003157 580042
0.0003126 600040
0.0003088 620038
0.0003076 640036
0.000318 660034
0.000305 680032
0.0003308 700030
0.0003093 720028
0.0003198 740026
0.0003251 760024
0.0003102 780022
0.0003153 800020
0.0003435 820018
0.0003427 840016
0.0003388 860014
0.0003268 880012
0.0003209 900010
0.000313 920008
0.0003401 940006
0.0003221 960004
0.0003209 980002
