0 100
0.09 10200
0.19 20300
0.29 30400
0.39 40500
0.49 50600
0.58 60700
0.68 70800
0.79 80900
0.87 91000
0.97 101100
1.08 111200
1.03 121300
1.11 131400
1.2 141500
1.3 151600
1.38 161700
1.48 171800
1.55 181900
1.56 192000
1.53 202100
1.63 212200
1.69 222300
1.7 232400
1.69 242500
1.75 252600
2.06 262700
2.12 272800
2.05 282900
1.98 293000
2.1 303100
2.16 313200
2.1 323300
2.16 333400
2.39 343500
2.27 353600
2.45 363700
2.38 373800
2.45 383900
2.52 394000
2.57 404100
2.67 414200
2.73 424300
2.81 434400
2.81 444500
2.86 454600
2.98 464700
3.08 474800
3.13 484900
3.19 495000
3.24 505100
3.51 515200
3.36 525300
3.46 535400
3.46 545500
3.6 555600
3.62 565700
3.73 575800
3.72 585900
3.88 596000
3.93 606100
4.11 616200
4 626300
4.3 636400
4.31 646500
4.26 656600
4.36 666700
4.46 676800
4.52 686900
4.35 697000
4.93 707100
4.91 717200
4.67 727300
4.95 737400
4.78 747500
4.87 757600
4.99 767700
4.93 777800
5 787900
5.06 798000
5.28 808100
5.25 818200
6.16 828300
6.46 838400
5.49 848500
5.66 858600
5.69 868700
5.6 878800
5.78 888900
5.77 899000
6.98 909100
8.94 919200
8.15 929300
10.39 939400
7.74 949500
7.04 959600
7.15 969700
7.46 979800
8.43 989900
