0 100
0.023 10099
0.043 20098
0.065 30097
0.084 40096
0.101 50095
0.12 60094
0.141 70093
0.165 80092
0.182 90091
0.205 100090
0.226 110089
0.243 120088
0.271 130087
0.288 140086
0.306 150085
0.329 160084
0.35 170083
0.365 180082
0.393 190081
0.422 200080
0.431 210079
0.455 220078
0.47 230077
0.495 240076
0.516 250075
0.537 260074
0.551 270073
0.575 280072
0.595 290071
0.622 300070
0.66 310069
0.656 320068
0.691 330067
0.703 340066
0.715 350065
0.74 360064
0.765 370063
0.773 380062
0.791 390061
0.817 400060
0.836 410059
0.862 420058
0.876 430057
0.901 440056
0.929 450055
0.949 460054
1.005 470053
0.998 480052
1.02 490051
1.037 500050
1.063 510049
1.091 520048
1.116 530047
1.142 540046
1.174 550045
1.176 560044
1.206 570043
1.224 580042
1.245 590041
1.271 600040
1.295 610039
1.313 620038
1.352 630037
1.364 640036
1.458 650035
1.753 660034
1.592 670033
1.483 680032
1.52 690031
1.562 700030
1.578 710029
1.58 720028
1.588 730027
1.622 740026
1.652 750025
1.576 760024
1.599 770023
1.627 780022
1.645 790021
1.665 800020
1.692 810019
1.722 820018
1.741 830017
1.759 840016
1.788 850015
1.802 860014
1.825 870013
1.836 880012
1.868 890011
1.892 900010
1.922 910009
1.946 920008
1.97 930007
1.994 940006
2.009 950005
2.022 960004
2.055 970003
2.077 980002
2.092 990001
