0 100
0.052 10099
0.101 20098
0.152 30097
0.201 40096
0.251 50095
0.282 60094
0.309 70093
0.357 80092
0.399 90091
0.416 100090
0.522 110089
0.578 120088
0.509 130087
0.529 140086
0.528 150085
0.592 160084
0.595 170083
0.653 180082
0.657 190081
0.71 200080
0.729 210079
0.765 220078
0.817 230077
0.83 240076
0.875 250075
0.891 260074
0.934 270073
0.962 280072
1.005 290071
1.033 300070
1.094 310069
1.156 320068
1.265 330067
1.171 340066
1.199 350065
1.278 360064
1.338 370063
1.336 380062
1.387 390061
1.387 400060
1.46 410059
1.53 420058
1.528 430057
1.542 440056
1.618 450055
1.668 460054
1.682 470053
1.704 480052
1.76 490051
1.811 500050
1.867 510049
1.917 520048
1.86 530047
1.89 540046
1.962 550045
1.963 560044
1.992 570043
2.031 580042
2.072 590041
2.094 600040
2.4 610039
2.544 620038
2.484 630037
3.066 640036
3.211 650035
2.674 660034
2.821 670033
2.563 680032
2.535 690031
2.513 700030
2.49 710029
2.549 720028
2.583 730027
2.626 740026
2.734 750025
3.385 760024
2.738 770023
2.802 780022
2.836 790021
2.853 800020
2.857 810019
2.93 820018
3.585 830017
3.305 840016
2.962 850015
3.039 860014
3.007 870013
3.128 880012
3.912 890011
3.925 900010
3.937 910009
3.361 920008
3.259 930007
3.375 940006
3.309 950005
3.366 960004
3.462 970003
3.435 980002
3.514 990001
