0 100
0.024 10099
0.044 20098
0.061 30097
0.082 40096
0.102 50095
0.125 60094
0.142 70093
0.167 80092
0.182 90091
0.204 100090
0.226 110089
0.25 120088
0.269 130087
0.284 140086
0.312 150085
0.333 160084
0.348 170083
0.374 180082
0.39 190081
0.413 200080
0.433 210079
0.451 220078
0.476 230077
0.493 240076
0.521 250075
0.535 260074
0.555 270073
0.575 280072
0.597 290071
0.61 300070
0.633 310069
0.664 320068
0.681 330067
0.697 340066
0.724 350065
0.754 360064
0.765 370063
0.781 380062
0.804 390061
0.829 400060
0.842 410059
0.875 420058
0.89 430057
0.912 440056
0.927 450055
0.954 460054
0.98 470053
0.995 480052
1.024 490051
1.057 500050
1.071 510049
1.102 520048
1.121 530047
1.15 540046
1.167 550045
1.194 560044
1.205 570043
1.3 580042
1.388 590041
1.288 600040
1.306 610039
1.331 620038
1.357 630037
1.383 640036
1.402 650035
1.432 660034
1.45 670033
1.472 680032
1.484 690031
1.542 700030
1.551 710029
1.572 720028
1.593 730027
1.622 740026
1.654 750025
1.655 760024
1.681 770023
1.704 780022
1.718 790021
1.747 800020
1.776 810019
1.812 820018
1.83 830017
1.855 840016
1.874 850015
1.913 860014
1.941 870013
1.963 880012
1.984 890011
2.009 900010
2.046 910009
2.058 920008
2.078 930007
2.112 940006
2.137 950005
2.153 960004
2.178 970003
2.201 980002
2.266 990001
