0 100
0.051 10099
0.1 20098
0.149 30097
0.199 40096
0.243 50095
0.263 60094
0.308 70093
0.353 80092
0.368 90091
0.397 100090
0.422 110089
0.432 120088
0.454 130087
0.483 140086
0.527 150085
0.531 160084
0.557 170083
0.591 180082
0.616 190081
0.675 200080
0.68 210079
0.707 220078
0.768 230077
0.809 240076
0.8 250075
0.835 260074
1.01 270073
0.907 280072
0.965 290071
0.986 300070
1.047 310069
1.039 320068
1.049 330067
1.107 340066
1.134 350065
1.161 360064
1.195 370063
1.245 380062
1.264 390061
1.296 400060
1.33 410059
1.36 420058
1.383 430057
1.427 440056
1.48 450055
1.494 460054
1.501 470053
1.566 480052
1.614 490051
1.624 500050
1.656 510049
1.689 520048
1.708 530047
1.764 540046
1.776 550045
1.784 560044
1.862 570043
1.872 580042
1.898 590041
1.975 600040
1.965 610039
2.102 620038
2.071 630037
2.071 640036
2.111 650035
2.174 660034
2.192 670033
2.198 680032
2.232 690031
2.278 700030
2.31 710029
2.332 720028
2.384 730027
2.398 740026
2.459 750025
2.47 760024
2.496 770023
2.528 780022
2.714 790021
2.612 800020
2.637 810019
2.68 820018
2.727 830017
2.72 840016
2.746 850015
2.802 860014
2.852 870013
2.858 880012
2.913 890011
3.163 900010
4.033 910009
4.211 920008
3.706 930007
3.312 940006
3.364 950005
3.351 960004
3.519 970003
3.531 980002
3.512 990001
