0 100
0.024 10099
0.042 20098
0.062 30097
0.085 40096
0.108 50095
0.131 60094
0.152 70093
0.174 80092
0.196 90091
0.217 100090
0.238 110089
0.259 120088
0.287 130087
0.305 140086
0.334 150085
0.351 160084
0.371 170083
0.392 180082
0.415 190081
0.439 200080
0.463 210079
0.483 220078
0.506 230077
0.532 240076
0.55 250075
0.576 260074
0.599 270073
0.621 280072
0.644 290071
0.664 300070
0.69 310069
0.708 320068
0.736 330067
0.757 340066
0.78 350065
0.805 360064
0.823 370063
0.848 380062
0.868 390061
0.892 400060
0.913 410059
0.947 420058
0.964 430057
0.981 440056
1.008 450055
1.028 460054
1.047 470053
1.067 480052
1.092 490051
1.111 500050
1.142 510049
1.16 520048
1.184 530047
1.213 540046
1.227 550045
1.253 560044
1.277 570043
1.297 580042
1.323 590041
1.348 600040
1.377 610039
1.394 620038
1.42 630037
1.437 640036
1.462 650035
1.477 660034
1.499 670033
1.53 680032
1.542 690031
1.572 700030
1.594 710029
1.617 720028
1.659 730027
1.673 740026
1.698 750025
1.723 760024
1.737 770023
1.784 780022
1.8 790021
1.831 800020
1.854 810019
1.859 820018
1.879 830017
1.909 840016
1.959 850015
1.956 860014
1.984 870013
2.019 880012
2.032 890011
2.043 900010
2.075 910009
2.106 920008
2.131 930007
2.154 940006
2.173 950005
2.193 960004
2.242 970003
2.243 980002
2.287 990001
