0 100
0.055 10099
0.103 20098
0.157 30097
0.209 40096
0.258 50095
0.288 60094
0.319 70093
0.364 80092
0.397 90091
0.423 100090
0.449 110089
0.465 120088
0.482 130087
0.555 140086
0.559 150085
0.596 160084
0.63 170083
0.637 180082
0.679 190081
0.723 200080
0.738 210079
0.764 220078
0.822 230077
0.846 240076
0.867 250075
0.913 260074
0.923 270073
0.973 280072
1.014 290071
1.039 300070
1.063 310069
1.116 320068
1.152 330067
1.209 340066
1.224 350065
1.242 360064
1.289 370063
1.6 380062
1.36 390061
1.426 400060
1.401 410059
1.46 420058
1.468 430057
1.45 440056
1.479 450055
1.507 460054
1.564 470053
1.625 480052
1.608 490051
1.646 500050
1.693 510049
1.712 520048
1.742 530047
1.802 540046
1.79 550045
1.867 560044
1.875 570043
1.939 580042
1.942 590041
1.951 600040
2 610039
2.028 620038
2.087 630037
2.1 640036
2.136 650035
2.204 660034
2.205 670033
2.251 680032
2.267 690031
2.311 700030
2.325 710029
2.391 720028
2.398 730027
2.421 740026
2.529 750025
2.507 760024
2.569 770023
2.574 780022
2.617 790021
2.668 800020
2.661 810019
2.712 820018
2.747 830017
2.749 840016
2.792 850015
2.841 860014
2.884 870013
2.909 880012
2.927 890011
2.979 900010
3.056 910009
3.02 920008
3.044 930007
3.087 940006
3.135 950005
3.158 960004
3.223 970003
3.215 980002
3.276 990001
