0 100
0 10099
0 20098
0 30097
0 40096
0.1 50095
0.2 60094
0.1 70093
0.1 80092
0.1 90091
0.3 100090
0.2 110089
0.2 120088
0.3 130087
0.2 140086
0.3 150085
0.3 160084
0.3 170083
0.3 180082
0.4 190081
0.4 200080
0.4 210079
0.4 220078
0.5 230077
0.5 240076
0.4 250075
0.5 260074
0.5 270073
0.5 280072
0.6 290071
0.5 300070
0.6 310069
0.6 320068
0.6 330067
0.6 340066
0.7 350065
0.7 360064
0.7 370063
0.8 380062
0.8 390061
0.8 400060
0.8 410059
0.8 420058
0.8 430057
0.8 440056
0.9 450055
0.9 460054
0.9 470053
0.9 480052
1 490051
1 500050
1 510049
1 520048
1 530047
1.1 540046
1.1 550045
1.1 560044
1.1 570043
1.2 580042
1.1 590041
1.2 600040
1.2 610039
1.2 620038
1.3 630037
1.3 640036
1.3 650035
1.5 660034
1.3 670033
1.4 680032
1.4 690031
1.5 700030
1.4 710029
1.4 720028
1.4 730027
1.4 740026
1.5 750025
1.5 760024
1.5 770023
1.6 780022
1.8 790021
1.6 800020
1.6 810019
1.6 820018
1.7 830017
1.7 840016
1.7 850015
1.8 860014
1.7 870013
1.9 880012
2 890011
1.8 900010
1.8 910009
1.8 920008
1.9 930007
1.9 940006
1.9 950005
1.9 960004
2.2 970003
2.4 980002
2.1 990001
