366.364 10
4054.99 209
7529.39 408
12901.2 607
13450 806
14069 1005
18965.7 1204
17815.9 1403
17963 1602
17386.2 1801
17375.3 2000
25471.5 2199
25382.8 2398
26472.5 2597
28157.1 2796
29123.3 2995
30505.1 3194
31169.5 3393
32111.9 3592
33035.8 3791
34110.2 3990
44946.3 4189
46132.7 4388
47084.1 4587
48633.8 4786
49914.1 4985
51367 5184
52242.8 5383
53713.5 5582
54918.3 5781
56091.1 5980
57353.2 6179
58674.9 6378
59888.9 6577
60627.8 6776
64409.5 6975
63645.9 7174
63996.8 7373
64700.8 7572
66085.9 7771
66542.3 7970
67570.7 8169
87861.3 8368
88487.3 8567
88611.3 8766
91218.7 8965
91806.2 9164
93448.9 9363
94700 9562
97127.8 9761
99936.9 9960
